00011 0.33984375
11100 0.4375
01001 0.80859375
01100 0.9375
10110 0.859375
#
10001 0.99609375
11010 0.609375
00101 0.52734375
00110 0.609375
01010 0.859375
#
00101 0.52734375
00110 0.609375
01100 0.9375
10010 0.984375
00111 0.68359375
#
01010 0.859375
01101 0.96484375
00011 0.33984375
00000 0.0
10101 0.90234375
#
*
01110 0.984375
01001 0.80859375
10101 0.90234375
00101 0.52734375
01100 0.9375
#
01001 0.80859375
00110 0.609375
00001 0.12109375
10101 0.90234375
10001 0.99609375
#
00110 0.609375
00110 0.609375
00100 0.4375
01010 0.859375
10010 0.984375
#
10110 0.859375
11010 0.609375
10101 0.90234375
10100 0.9375
01101 0.96484375
#
*
01110 0.984375
11011 0.52734375
01100 0.9375
01111 0.99609375
01101 0.96484375
#
11010 0.609375
01110 0.984375
00110 0.609375
11101 0.33984375
10001 0.99609375
#
10010 0.984375
01010 0.859375
10001 0.99609375
00101 0.52734375
11101 0.33984375
#
01101 0.96484375
10111 0.80859375
01001 0.80859375
11000 0.75
10111 0.80859375
#
*
01100 0.9375
11110 0.234375
01101 0.96484375
01000 0.75
01111 0.99609375
#
10001 0.99609375
01010 0.859375
01010 0.859375
10010 0.984375
01110 0.984375
#
11101 0.33984375
11100 0.4375
11101 0.33984375
10001 0.99609375
10001 0.99609375
#
11111 0.12109375
10111 0.80859375
10001 0.99609375
01011 0.90234375
01000 0.75
#
*
01111 0.99609375
01010 0.859375
11110 0.234375
10101 0.90234375
01110 0.984375
#
10001 0.99609375
10010 0.984375
01001 0.80859375
10101 0.90234375
10001 0.99609375
#
10001 0.99609375
10010 0.984375
11111 0.12109375
10010 0.984375
10001 0.99609375
#
11000 0.75
01000 0.75
01000 0.75
00011 0.33984375
10001 0.99609375
#
*
